314
281
152
152
930
881
977
606
356
792
688
828
645
674
491
966
363
992
744
92
859
481
161
767
651
896
913
377
293
244
343
35
27
705
741
826
630
914
50
577
619
718
560
559
715
342
948
495
198
778
909
474
673
525
94
374
607
55
636
902
382
741
370
561
353
855
697
732
339
34
779
944
959
117
622
707
617
56
593
261
887
79
269
791
832
695
981
227
900
512
877
803
449
917
575
910
722
577
25
175
368
329
282
543
275
653
419
184
652
129
804
281
794
163
179
714
393
87
104
249
524
128
84
997
346
737
67
221
457
852
767
345
502
201
516
388
417
502
776
967
795
493
694
230
693
353
503
54
320
26
640
575
38
474
466
793
506
8
191
440
903
132
874
582
930
476
904
565
905
151
483
451
86
657
903
225
336
402
378
137
528
93
350
862
311
898
492
42
138
607
729
59
149
801
764
990
758
532
93
499
921
115
428
165
215
685
952
643
858
789
683
722
297
424
101
345
989
728
283
286
311
83
751
316
25
250
543
588
33
217
945
28
975
955
828
910
359
223
200
235
628
607
275
498
673
324
104
994
998
53
65
649
462
413
782
304
971
445
581
671
177
852
448
512
790
125
316
617
382
970
168
629
846
590
548
205
353
748
226
826
402
989
418
868
592
614
283
656
497
731
268
93
242
470
227
320
788
812
741
865
963
428
768
33
295
757
818
404
600
693
736
207
80
564
971
386
478
158
273
447
370
118
692
620
475
605
61
467
675
116
27
719
825
688
557
514
64
95
991
189
425
707
883
846
483
656
396
511
747
972
692
481
995
855
345
923
722
484
490
56
25
786
607
143
283
859
296
675
56
796
647
832
321
335
426
519
516
564
7
352
142
675
796
532
126
985
953
262
109
768
628
860
340
477
575
252
382
634
177
913
381
403
936
935
949
488
462
865
845
793
804
839
935
835
923
77
565
798
745
266
2
550
966
475
686
343
887
191
565
234
484
429
911
120
338
562
500
912
130
281
429
246
510
874
785
280
227
113
315
406
656
264
191
836
283
483
531
788
502
84
852
52
306
697
989
794
608
506
926
124
898
552
247
584
541
577
451
518
919
80
807
421
912
155
295
342
121
538
555
75
548
417
773
862
889
673
451
606
566
283
159
141
148
711
24
425
148
341
378
488
16
161
159
684
266
835
409
347
219
832
554
847
449
989
162
758
969
603
95
163
990
653
169
867
149
74
943
874
373
167
364
270
23
965
150
520
489
199
587
950
439
934
505
989
495
9
648
277
341
772
566
753
170
487
822
708
542
542
726
109
943
576
234
15
46
863
535
777
203
162
380
26
895
239
433
651
448
126
307
931
804
235
285
5
965
485
982
76
520
126
584
681
690
201
479
934
419
691
205
283
365
108
606
545
885
105
886
322
524
832
569
651
438
944
405
579
971
839
59
417
228
779
475
669
918
783
736
631
821
977
851
612
62
117
893
471
716
525
679
819
156
992
312
170
798
789
538
230
834
6
493
887
840
103
343
135
973
81
846
961
877
768
962
214
851
973
422
142
111
464
279
966
863
15
382
952
700
60
834
485
425
516
563
292
874
175
321
471
364
255
598
522
85
206
538
560
701
233
790
554
245
857
675
359
520
360
952
60
847
461
707
87
113
37
99
289
285
692
519
414
765
774
794
573
887
337
265
375
627
202
909
617
393
851
996
215
473
886
82
277
404
665
752
873
561
676
323
824
807
733
542
468
333
476
310
63
54
874
3
177
575
399
277
319
906
842
186
737
627
262
918
449
643
583
586
336
965
692
676
139
417
882
911
230
528
440
904
998
687
227
354
276
219
675
133
612
110
62
780
794
24
804
888
825
684
872
716
679
152
252
71
948
22
547
21
124
370
74
224
110
975
434
1
148
988
509
698
336
9
787
803
522
99
444
139
354
266
44
399
913
95
727
47
616
818
336
547
470
178
880
242
864
602
209
155
692
329
639
225
946
525
927
513
710
449
250
94
531
648
995
107
132
610
367
94
862
904
685
121
931
619
649
468
164
460
303
663
556
428
765
70
145
883
357
11
505
947
770
700
901
733
65
930
499
618
64
497
393
730
241
633
57
699
244
673
221
750
780
678
751
712
986
857
46
462
77
527
469
939
41
202
882
161
675
290
886
136
832
373
437
969
122
803
300
392
668
656
847
778
949
692
139
119
287
230
976
890
298
563
858
487
720
379
137
728
309
131
137
480
900
194
779
914
924
550
353
821
246
403
390
761
740
718
90
759
10
723
935
964
253
